Ti=1.105;
Td=0.27625;
Kp=10.8;

%Kkr=18;
%Tosc=2.21;